1|NE|SEA|3|54|65|46|35|44.5|29|41|71|59
1|SF|LA|3.5|39|55|61|45|47.5|20|30|80|70
1|BAL|IND|-3|68|37|32|63|48.5|13|14|87|86
1|CLE|JAX|8.5|36|18|64|82|40.5|31|31|69|69
1|CHI|CAR|-3|67|53|33|47|47.5|11|52|89|48
1|NYJ|TEN|1.5|44|52|56|48|39.5|39|42|61|58
1|TB|CIN|3.5|54|59|46|41|50.5|10|25|90|75
1|ATL|PIT|6.5|37|15|63|85|40.5|24|19|76|81
1|NO|DET|7|38|27|62|73|49.5|14|66|86|34
1|BUF|HOU|-1.5|55|48|45|52|44.5|17|62|83|38
1|MIA|LV|3|45|57|55|43|40.5|30|36|70|64
1|WAS|PHI|6|34|24|66|76|43.5|14|19|86|81
1|ARI|LAC|8.5|28|26|72|74|47.5|10|23|90|77
1|GB|MIN|2.5|57|48|43|52|46.5||||
1|DAL|NYG|-3|61|69|39|31|47.5|15|12|85|88
1|DEN|KC|2.5|74|79|26|21|42.5|24|37|76|63
2|DET|BUF|5.5|50|39|50|61|54.5|17|66|83|34
2|CAR|ATL|-2.5|69|55|31|45|43.5|38|77|62|23
2|NO|BAL|8.5|18|14|82|86|45.5|25|46|75|54
2|CLE|TB|8.5|12|11|88|89|41.5|33|67|67|33
2|PHI|TEN|-7|||||39.5|29|27|71|73
2|CIN|HOU|3|56|47|44|53|45.5|34|49|66|51
2|PIT|NE|4.5|57|55|43|45|41.5|37|32|63|68
2|MIN|CHI|4.5|36|37|64|63|46.5|27|48|73|52
2|GB|NYJ|-3.5|75|48|25|52|44.5|32|34|68|66
2|LV|LAC|6.5|51|40|49|60|43.5|32|37|68|63
2|JAX|DEN|2.5|69|81|31|19|45.5|28|53|72|47
2|SEA|ARI|-3.5|63|46|37|54|40.5|78|67|22|33
2|MIA|SF|12.5|13|50|87|50|44.5|31|29|69|71
2|WAS|DAL|4.5|55|68|45|32|51.5|32|54|68|46
2|IND|KC|6|19|41|81|59|46.5|35|27|65|73
2|NYG|LA|7|58|61|42|39|47.5|62|60|38|40
3|ATL|GB|4.5|47|60|53|40|43.5|50|55|50|45
3|NYJ|DET|7|26|15|74|85|49.5|40|64|60|36
3|HOU|IND|-1.5|48|42|52|58|42.5|50|41|50|59
3|CAR|CLE|-2.5|73|45|27|55|41.5|56|49|44|51
3|KC|MIA|-10|86|64|14|36|45.5|39|41|61|59
3|SEA|WAS|-8.5|88|85|12|15|40.5|61|56|39|44
3|NE|JAX|3|59|63|41|37|46.5|44|47|56|53
3|LAC|BUF|7|26|30|74|70|50.5|39|57|61|43
3|CIN|PIT|-3.5|72|44|28|56|42.5|50|42|50|58
3|TEN|NYG|2.5|67|66|33|34|37.5|72|62|28|38
3|MIN|TB|1.5|57|46|43|54|42.5|41|40|59|60
3|ARI|SF|7.5|16|21|84|79|48.5|40|48|60|52
3|BAL|DAL|-3|53|67|47|33|54.5|17|58|83|42
3|LV|NO|4.5|53|64|47|36|43.5|45|57|55|43
3|LA|DEN|1.5|59|39|41|61|44.5|46|39|54|61
3|PHI|CHI|-3|58|73|42|27|42.5|55|59|45|41
4|IND|WAS|-4.5|34|42|66|58|48.5|93|94|6|
4|NE|BUF|7|32|21|68|79|48.5|47|43|53|57
4|NYJ|CHI|3.5|42|38|58|62|43.5|56|53|44|47
4|ARI|NYG|-2.5|62|69|38|31|44.5|47|44|53|56
4|DAL|HOU|3|79|82|21|18|48.5|40|43|60|57
4|JAX|CIN|2.5|62|59|38|41|51.5|43|51|57|49
4|GB|TB|-3.5|49|54|51|46|38.5|65|52|35|48
4|LA|PHI|-3.5|61|73|39|27|42.5|55|43|45|57
4|TEN|BAL|11.5|24|18|76|82|42.5|50|46|50|54
4|MIA|MIN|10.5|28|28|72|72|38.5|60|47|40|53
4|DEN|SF|3|40|31|60|69|47.5|46|37|54|63
4|KC|LV|-4.5|53|59|47|41|47.5|45|50|55|50
4|LAC|SEA|7|48|44|52|56|42.5|49|46|51|54
4|DET|CAR|-3.5|65|71|35|29|50.5|42|46|58|54
4|ATL|NO|2.5|50|46|50|54|47.5|36|44|64|56
4|PIT|CLE|-2.5|41|47|59|53|38.5|67|69|33|31
5|TB|DAL|8.5|28|33|72|67|47.5|72|84|28|16
